name: scraper
channels:
  - defaults
dependencies:
  - bzip2=1.0.8=h2bbff1b_6
  - ca-certificates=2025.12.2=haa95532_0
  - expat=2.7.4=hd7fb8db_0
  - libexpat=2.7.4=hd7fb8db_0
  - libffi=3.4.4=hd77b12b_1
  - libzlib=1.3.1=h02ab6af_0
  - openssl=3.5.5=hbb43b14_0
  - packaging=25.0=py312haa95532_1
  - pip=26.0.1=pyhc872135_0
  - python=3.12.12=h716150d_1
  - setuptools=80.10.2=py312haa95532_0
  - sqlite=3.51.1=hee5a0db_1
  - tk=8.6.15=hf199647_0
  - tzdata=2026a=he532380_0
  - ucrt=10.0.22621.0=haa95532_0
  - vc=14.3=h2df5915_10
  - vc14_runtime=14.44.35208=h4927774_10
  - vs2015_runtime=14.44.35208=ha6b5a95_10
  - wheel=0.46.3=py312haa95532_0
  - xz=5.8.2=h53af0af_0
  - zlib=1.3.1=h02ab6af_0
  - pip:
      - certifi==2026.2.25
      - charset-normalizer==3.4.5
      - idna==3.11
      - requests==2.32.5
      - soupsieve==2.8.3
      - typing-extensions==4.15.0
      - urllib3==2.6.3
prefix: C:\Users\Matteo\miniconda3\envs\scraper
